%YAML:1.0
---
intrinsics: !!opencv-matrix
   rows: 3
   cols: 3
   dt: d
   data: [ 8.2275510991580552e+02, 0., 3.2062171397228781e+02, 0.,
       8.2275510991580552e+02, 1.9022153743984566e+02, 0., 0., 1. ]
distortion: !!opencv-matrix
   rows: 5
   cols: 1
   dt: d
   data: [ -2.4997146236566192e-02, 7.5054865980566310e-01,
       -1.6690019884937225e-02, 9.0440782063454656e-03,
       -2.7393697844488867e+00 ]
